~~~~~~~~~~~~~Seletor e processador de recebíveis ~~~~~~~~~~~~~

-->Valor máximo cedido : R$ 699999

Recebíveis Cedidos - 689
====================================================
[ 3, 13, 34, 55, 78, 136, 141, 178, 200, 214, 217, 219, 236, 254, 261, 271, 273, 298, 302, 305, 317, 320, 322, 340, 345, 347, 363, 369, 370, 397, 409, 416, 434, 469, 475, 489, 500, 507, 513, 520, 529, 530, 540, 558, 567, 568, 569, 600, 625, 639, 667, 697, 712, 723, 724, 733, 741, 759, 761, 768, 774, 794, 806, 819, 833, 837, 847, 863, 870, 877, 882, 898, 902, 937, 938, 941, 975, 982, 1014, 1036, 1037, 1046, 1084, 1087, 1105, 1107, 1112, 1144, 1161, 1164, 1199, 1206, 1207, 1209, 1253, 1260, 1262, 1281, 1284, 1287, 1314, 1325, 1326, 1330, 1342, 1348, 1373, 1381, 1390, 1402, 1411, 1419, 1429, 1482, 1490, 1555, 1580, 1591, 1636, 1644, 1645, 1654, 1667, 1672, 1680, 1681, 1725, 1729, 1731, 1755, 1783, 1786, 1797, 1827, 1834, 1842, 1861, 1862, 1868, 1872, 1885, 1887, 1888, 1898, 1910, 1913, 1925, 1938, 1946, 1953, 1961, 1974, 1993, 2005, 2012, 2049, 2060, 2086, 2112, 2116, 2138, 2147, 2157, 2181, 2188, 2189, 2202, 2212, 2240, 2241, 2249, 2254, 2262, 2268, 2299, 2316, 2327, 2340, 2363, 2388, 2399, 2403, 2404, 2407, 2419, 2421, 2455, 2485, 2515, 2540, 2546, 2554, 2579, 2595, 2598, 2599, 2615, 2617, 2630, 2660, 2667, 2670, 2690, 2695, 2698, 2699, 2716, 2731, 2736, 2738, 2739, 2744, 2769, 2786, 2787, 2800, 2826, 2840, 2845, 2848, 2872, 2879, 2891, 2894, 2909, 2918, 2927, 2937, 2938, 2950, 2963, 2991, 3016, 3021, 3052, 3053, 3057, 3058, 3068, 3069, 3128, 3133, 3135, 3137, 3142, 3157, 3181, 3200, 3205, 3212, 3234, 3236, 3246, 3252, 3268, 3279, 3281, 3285, 3313, 3316, 3358, 3365, 3380, 3390, 3400, 3408, 3416, 3423, 3432, 3453, 3468, 3477, 3491, 3509, 3522, 3528, 3540, 3541, 3547, 3561, 3562, 3572, 3578, 3584, 3604, 3608, 3628, 3654, 3666, 3718, 3722, 3728, 3745, 3748, 3753, 3756, 3761, 3766, 3771, 3782, 3795, 3802, 3840, 3850, 3851, 3854, 3863, 3871, 3889, 3890, 3918, 3937, 3942, 3960, 3969, 3970, 4012, 4015, 4032, 4052, 4076, 4088, 4097, 4101, 4115, 4124, 4131, 4173, 4185, 4239, 4244, 4264, 4282, 4287, 4296, 4305, 4322, 4326, 4337, 4368, 4380, 4401, 4409, 4436, 4439, 4444, 4460, 4500, 4507, 4509, 4549, 4552, 4565, 4566, 4568, 4598, 4602, 4633, 4644, 4658, 4669, 4683, 4687, 4708, 4709, 4710, 4714, 4716, 4721, 4723, 4725, 4735, 4746, 4756, 4759, 4767, 4788, 4794, 4797, 4803, 4813, 4821, 4825, 4831, 4842, 4850, 4877, 4883, 4892, 4895, 4906, 4926, 4931, 4939, 4945, 4948, 4961, 4974, 4994, 4997, 5005, 5012, 5050, 5051, 5054, 5063, 5066, 5069, 5084, 5088, 5104, 5118, 5119, 5124, 5127, 5153, 5163, 5184, 5218, 5224, 5249, 5255, 5265, 5275, 5284, 5295, 5305, 5315, 5323, 5330, 5392, 5399, 5415, 5418, 5429, 5431, 5453, 5456, 5536, 5539, 5543, 5555, 5556, 5569, 5578, 5591, 5601, 5604, 5620, 5624, 5647, 5654, 5657, 5674, 5683, 5699, 5710, 5711, 5753, 5758, 5777, 5778, 5794, 5795, 5805, 5809, 5811, 5827, 5829, 5840, 5850, 5855, 5862, 5864, 5877, 5900, 5915, 5970, 5971, 5974, 5975, 5982, 5985, 6001, 6007, 6018, 6026, 6027, 6037, 6073, 6090, 6097, 6098, 6100, 6101, 6108, 6121, 6128, 6154, 6161, 6172, 6182, 6189, 6209, 6217, 6237, 6249, 6251, 6258, 6277, 6288, 6306, 6318, 6339, 6353, 6384, 6438, 6441, 6463, 6472, 6511, 6540, 6553, 6567, 6569, 6628, 6630, 6641, 6675, 6725, 6738, 6753, 6773, 6783, 6798, 6799, 6800, 6801, 6816, 6819, 6894, 6896, 6914, 6941, 6946, 6960, 7004, 7005, 7019, 7028, 7036, 7074, 7096, 7101, 7120, 7123, 7130, 7131, 7132, 7141, 7145, 7165, 7175, 7178, 7182, 7194, 7211, 7258, 7259, 7271, 7274, 7277, 7279, 7288, 7300, 7316, 7339, 7359, 7360, 7398, 7420, 7428, 7454, 7456, 7468, 7483, 7508, 7550, 7577, 7582, 7596, 7607, 7616, 7629, 7647, 7659, 7711, 7720, 7728, 7732, 7747, 7764, 7777, 7787, 7809, 7818, 7829, 7845, 7852, 7890, 7893, 7896, 7911, 7921, 7926, 7929, 7939, 7975, 7999, 8007, 8014, 8023, 8047, 8049, 8066, 8080, 8091, 8143, 8147, 8149, 8174, 8212, 8229, 8234, 8246, 8282, 8288, 8297, 8303, 8311, 8314, 8315, 8317, 8349, 8393, 8401, 8433, 8454, 8491, 8498, 8509, 8535, 8563, 8566, 8567, 8573, 8597, 8604, 8606, 8626, 8627, 8640, 8644, 8668, 8687, 8700, 8730, 8741, 8798, 8803, 8816, 8828, 8853, 8858, 8870, 8872, 8886, 8893, 8908, 8916, 8919, 8921, 8939, 8956, 8962, 8968, 8971, 9288, 9600,]
============================================================


